28
28
28
14
15
2
0,0
1,1
2
0,2
1,3
0,-0.5000000000
1,0.8000000119
2,-10.0000000000
3,-10.0000000000
4,-10.0000000000
5,-10.0000000000
6,-10.0000000000
7,-10.0000000000
8,-10.0000000000
9,-10.0000000000
10,-10.0000000000
11,-10.0000000000
12,-10.0000000000
13,-10.0000000000
14,-10.0000000000
15,-10.0000000000
16,1.0000000000
17,0.0000000000
18,-10.0000000000
19,-10.0000000000
20,-10.0000000000
21,-10.0000000000
22,-10.0000000000
23,-10.0000000000
24,-10.0000000000
25,-10.0000000000
26,-10.0000000000
27,-10.0000000000
0,-0.5000000000
1,0.8000000119
2,10.0000000000
3,10.0000000000
4,10.0000000000
5,10.0000000000
6,10.0000000000
7,10.0000000000
8,10.0000000000
9,10.0000000000
10,10.0000000000
11,10.0000000000
12,10.0000000000
13,10.0000000000
14,10.0000000000
15,10.0000000000
16,1.0000000000
17,0.0000000000
18,10.0000000000
19,10.0000000000
20,10.0000000000
21,10.0000000000
22,10.0000000000
23,10.0000000000
24,10.0000000000
25,10.0000000000
26,10.0000000000
27,10.0000000000
0,0,0.0000000000,0,0.1000000015,1,0.2000000030,4,-1.0000000000
1,0,0.0000000000,0,-0.1110000014,1,0.1120000035,5,-1.0000000000
2,0,0.0000000000,0,-0.1209999993,1,0.1220000014,6,-1.0000000000
3,0,0.0000000000,7,0.2010000050,8,-0.2020000070,9,0.2029999942,10,-1.0000000000
4,0,0.0000000000,7,0.2109999955,8,-0.2119999975,9,0.2129999995,11,-1.0000000000
5,0,0.0000000000,12,0.3009999990,13,0.3019999862,2,-1.0000000000
6,0,0.0000000000,12,0.3109999895,13,0.3120000064,3,-1.0000000000
7,0,0.0000000000,18,0.1000000015,19,-0.1110000014,20,-0.1209999993,14,-1.0000000000
8,0,0.0000000000,18,0.2000000030,19,0.1120000035,20,0.1220000014,15,-1.0000000000
9,0,0.0000000000,24,0.2010000050,25,0.2109999955,21,-1.0000000000
10,0,0.0000000000,24,-0.2020000070,25,-0.2119999975,22,-1.0000000000
11,0,0.0000000000,24,0.2029999942,25,0.2129999995,23,-1.0000000000
12,0,0.0000000000,16,0.3009999990,17,0.3109999895,26,-1.0000000000
13,0,0.0000000000,16,0.3019999862,17,0.3120000064,27,-1.0000000000
0,relu,7,4
1,relu,8,5
2,relu,9,6
3,relu,12,10
4,relu,13,11
5,disj,2,1,u,4,0.000000,0,0,1,e,2,1.000000,18,-1.000000,21,0.000000,
6,disj,2,1,l,4,0.000000,0,2,l,18,0.000000,u,18,0.000000,0,
7,disj,2,1,u,5,0.000000,0,0,1,e,2,1.000000,19,-1.000000,22,0.000000,
8,disj,2,1,l,5,0.000000,0,2,l,19,0.000000,u,19,0.000000,0,
9,disj,2,1,u,6,0.000000,0,0,1,e,2,1.000000,20,-1.000000,23,0.000000,
10,disj,2,1,l,6,0.000000,0,2,l,20,0.000000,u,20,0.000000,0,
11,disj,2,1,u,10,0.000000,0,0,1,e,2,1.000000,24,-1.000000,26,0.000000,
12,disj,2,1,l,10,0.000000,0,2,l,24,0.000000,u,24,0.000000,0,
13,disj,2,1,u,11,0.000000,0,0,1,e,2,1.000000,25,-1.000000,27,0.000000,
14,disj,2,1,l,11,0.000000,0,2,l,25,0.000000,u,25,0.000000,0,